0.0242839664002211		-2.65		9.18		-3.66
0.06070991600055275		-2.70		9.15		-3.71
0.0971358656008844		-2.65		9.14		-3.80
0.13356181520121604		-2.59		9.28		-3.69
0.1699877648015477		-2.65		9.16		-3.67
0.20641371440187936		-2.62		9.21		-3.53
0.242839664002211		-2.58		9.17		-3.64
0.27926561360254265		-2.60		9.21		-3.48
0.3156915632028743		-2.54		9.25		-3.69
0.35211751280320597		-2.63		9.18		-3.76
0.3885434624035376		-2.63		9.11		-3.62
0.42496941200386923		-2.66		8.99		-3.59
0.4613953616042009		-2.44		9.02		-3.40
0.49782131120453255		-2.33		8.94		-3.42
0.5342472608048642		-2.52		8.82		-3.68
0.5706732104051958		-2.56		8.83		-3.91
0.6070991600055275		-2.55		8.96		-3.72
0.6435251096058592		-2.35		9.28		-3.62
0.6799510592061908		-2.39		9.11		-3.59
0.7163770088065224		-2.23		8.89		-3.45
0.7528029584068541		-2.14		8.52		-3.56
0.7892289080071857		-2.06		8.24		-3.44
0.8256548576075174		-2.01		7.67		-3.39
0.8620808072078491		-1.98		6.88		-3.06
0.8985067568081807		-1.98		6.44		-2.93
0.9349327064085123		-2.11		6.13		-2.90
0.971358656008844		-2.11		6.07		-3.16
1.0077846056091757		-2.38		5.96		-2.99
1.0442105552095073		-2.99		6.60		-2.75
1.080636504809839		-2.67		6.58		-3.00
1.1170624544101706		-2.65		7.64		-3.01
1.1534884040105022		-2.94		7.64		-3.19
1.1899143536108339		-3.03		7.79		-3.99
1.2263403032111655		-3.65		8.27		-3.94
1.2627662528114971		-4.11		8.70		-3.73
1.2991922024118288		-3.56		9.26		-5.57
1.3356181520121604		-4.95		8.89		-3.75
1.3720441016124922		-3.75		10.08		-3.08
1.4084700512128239		-4.82		10.50		-2.65
1.4448960008131555		-5.82		9.83		-2.97
1.4813219504134871		-4.88		10.28		-2.40
1.5177479000138188		-2.46		12.87		0.13
1.5541738496141504		-3.47		11.12		0.54
1.590599799214482		-5.19		10.22		0.52
1.6270257488148137		-4.02		11.49		2.53
1.6634516984151453		-4.05		12.21		2.73
1.699877648015477		-3.69		10.47		1.94
1.7363035976158085		-3.69		11.13		3.50
1.7727295472161404		-2.26		10.75		2.27
1.809155496816472		-2.72		10.34		4.07
1.8455814464168037		-2.67		10.26		0.53
1.8820073960171353		-3.14		10.45		-3.04
1.918433345617467		-1.37		13.41		-1.59
1.9548592952177986		-0.26		10.35		7.72
1.9912852448181302		-3.37		8.85		7.25
2.027711194418462		-5.07		9.82		2.82
2.0641371440187934		-2.50		9.93		5.04
2.100563093619125		-3.40		8.76		5.46
2.1369890432194567		-2.17		8.36		5.24
2.1734149928197883		-2.49		9.23		3.20
2.20984094242012		-2.37		9.54		2.76
2.2462668920204516		-3.26		10.29		1.87
2.2826928416207832		-2.92		9.29		3.54
2.319118791221115		-3.22		9.38		3.66
2.3555447408214465		-3.32		8.38		3.63
2.391970690421778		-2.84		9.78		3.37
2.42839664002211		-3.18		9.09		3.44
2.464822589622442		-3.56		9.15		2.94
2.5012485392227735		-1.98		9.67		2.51
2.537674488823105		-2.60		8.66		2.45
2.5741004384234367		-5.80		9.14		3.28
2.6105263880237684		-3.69		9.53		4.28
2.6469523376241		-2.90		8.58		2.95
2.6833782872244316		-4.60		9.14		3.35
2.7198042368247632		-3.24		8.89		2.60
2.756230186425095		-4.54		8.25		2.59
2.7926561360254265		-5.49		8.82		3.05
2.829082085625758		-4.57		8.57		2.98
2.8655080352260898		-4.55		8.59		4.00
2.9019339848264214		-4.78		8.18		2.01
2.938359934426753		-5.43		7.68		2.23
2.9747858840270847		-5.75		8.53		2.41
3.0112118336274163		-4.10		8.34		3.23
3.047637783227748		-3.81		7.72		2.66
3.0840637328280796		-4.82		8.03		3.11
3.120489682428411		-4.51		7.05		1.96
3.156915632028743		-6.08		7.59		2.59
3.1933415816290744		-5.20		7.48		3.11
3.229767531229406		-5.34		8.28		3.68
3.266193480829738		-5.65		7.28		1.75
3.30261943043007		-6.32		7.65		2.99
3.3390453800304014		-5.65		8.20		3.89
3.375471329630733		-4.30		8.24		4.67
3.4118972792310647		-6.60		7.94		4.28
3.4483232288313963		-6.82		7.09		3.99
3.484749178431728		-4.39		7.95		5.19
3.5211751280320596		-7.41		7.01		2.96
3.557601077632391		-6.33		7.17		3.63
3.594027027232723		-6.18		7.58		4.68
3.6304529768330545		-6.80		7.87		5.25
3.666878926433386		-2.51		5.79		5.77
3.7033048760337177		-0.51		4.58		13.43
3.7397308256340493		-2.32		5.52		9.34
3.776156775234381		-1.56		6.29		7.43
3.8125827248347126		-2.95		4.40		7.98
3.8490086744350442		-3.76		4.60		4.40
3.885434624035376		-5.46		2.65		2.89
3.9218605736357075		-8.21		2.25		2.72
3.958286523236039		-5.88		5.21		6.90
3.9947124728363708		-4.70		5.46		7.14
4.031138422436703		-5.30		4.18		7.08
4.067564372037034		-7.13		5.13		5.77
4.103990321637366		-6.48		5.79		5.64
4.140416271237697		-6.50		5.76		7.08
4.176842220838029		-5.36		5.35		6.09
4.2132681704383605		-5.53		1.91		8.02
4.249694120038693		-5.87		3.48		7.58
4.286120069639024		-5.00		3.08		8.35
4.322546019239356		-5.01		2.72		8.69
4.358971968839687		-5.99		3.10		7.10
4.395397918440019		-6.43		2.66		7.05
4.43182386804035		-5.98		3.19		7.50
4.468249817640682		-5.45		2.96		7.91
4.504675767241014		-5.70		3.18		7.77
4.541101716841346		-5.69		2.98		8.32
4.577527666441678		-5.71		3.18		7.23
4.613953616042009		-5.58		3.10		7.80
4.650379565642341		-5.49		3.26		7.43
4.686805515242672		-5.45		3.16		7.73
4.723231464843004		-5.67		3.01		7.62
4.7596574144433355		-5.73		3.22		7.48
4.7960833640436675		-5.84		3.03		7.20
4.832509313643999		-5.65		3.07		7.60
4.868935263244331		-5.91		3.18		7.50
4.905361212844662		-5.73		3.05		7.42
4.941787162444994		-5.81		3.08		7.54
