0.02428520236267551		-2.67		9.55		-1.81
0.06071300590668877		-2.61		9.68		-1.85
0.09714080945070204		-2.69		9.69		-1.91
0.1335686129947153		-2.70		9.59		-1.88
0.16999641653872857		-2.66		9.66		-1.92
0.20642422008274183		-2.71		9.73		-1.98
0.2428520236267551		-2.64		9.57		-1.92
0.2792798271707684		-2.70		9.51		-2.05
0.31570763071478164		-2.58		9.48		-1.94
0.3521354342587949		-2.66		9.42		-1.99
0.38856323780280816		-2.61		9.47		-2.05
0.4249910413468214		-2.64		9.15		-2.03
0.4614188448908347		-2.61		9.38		-2.12
0.49784664843484794		-2.58		9.22		-2.15
0.5342744519788613		-2.57		9.27		-2.27
0.5707022555228745		-2.54		9.19		-2.28
0.6071300590668878		-2.40		9.40		-2.03
0.643557862610901		-2.18		9.32		-2.02
0.6799856661549143		-2.23		8.69		-2.27
0.7164134696989275		-2.14		8.11		-2.17
0.7528412732429408		-2.19		7.72		-2.01
0.7892690767869541		-1.86		6.88		-1.85
0.8256968803309673		-1.98		6.39		-1.63
0.8621246838749806		-1.83		6.57		-1.70
0.8985524874189939		-1.95		6.49		-1.88
0.9349802909630072		-2.20		6.95		-1.85
0.9714080945070204		-2.27		7.87		-2.24
1.0078358980510336		-2.06		8.12		-2.45
1.044263701595047		-2.31		8.28		-3.06
1.0806915051390602		-2.33		8.03		-3.03
1.1171193086830735		-2.35		8.53		-2.03
1.1535471122270866		-3.21		9.23		-1.50
1.1899749157711		-3.89		9.81		-2.55
1.2264027193151132		-3.86		10.34		-2.10
1.2628305228591266		-4.31		9.37		-2.03
1.2992583264031399		-3.75		9.95		-2.93
1.335686129947153		-3.61		10.43		0.16
1.3721139334911663		-4.22		10.89		0.03
1.4085417370351796		-3.85		11.35		0.38
1.444969540579193		-3.73		11.39		0.08
1.481397344123206		-3.44		11.16		0.57
1.5178251476672193		-3.76		11.24		1.97
1.5542529512112326		-3.33		12.23		1.82
1.590680754755246		-3.67		11.74		1.98
1.6271085582992593		-2.72		11.61		2.84
1.6635363618432724		-2.08		11.23		2.83
1.6999641653872857		-1.17		10.09		0.66
1.736391968931299		-1.57		9.86		1.56
1.7728197724753123		-3.62		13.17		0.09
1.8092475760193254		-2.22		11.26		5.19
1.8456753795633387		-0.50		8.02		5.99
1.882103183107352		-5.31		9.32		6.42
1.9185309866513653		-0.92		8.69		6.29
1.9549587901953787		-2.76		8.80		3.70
1.9913865937393918		-1.90		8.82		4.08
2.027814397283405		-2.22		10.11		3.97
2.0642422008274184		-1.53		10.65		2.70
2.1006700043714317		-3.58		9.25		4.18
2.137097807915445		-2.56		10.91		3.14
2.1735256114594583		-2.83		8.97		3.17
2.209953415003471		-2.41		8.84		4.35
2.2463812185474845		-2.24		9.67		3.77
2.282809022091498		-2.35		9.01		3.88
2.319236825635511		-2.69		9.66		2.96
2.3556646291795245		-3.34		8.56		2.03
2.3920924327235378		-2.33		9.91		3.61
2.428520236267551		-2.64		8.80		4.29
2.4649480398115644		-3.44		8.71		2.46
2.5013758433555777		-4.20		8.76		3.43
2.5378036468995906		-2.15		8.44		2.14
2.574231450443604		-3.91		8.64		3.03
2.6106592539876172		-5.70		8.02		2.73
2.6470870575316305		-4.12		8.90		4.14
2.683514861075644		-4.46		8.45		4.17
2.719942664619657		-3.06		8.83		3.39
2.7563704681636705		-5.41		8.10		3.13
2.792798271707684		-3.15		8.27		1.21
2.829226075251697		-4.36		8.81		3.25
2.86565387879571		-4.32		8.71		3.74
2.9020816823397233		-2.94		9.15		4.28
2.9385094858837366		-4.79		8.45		3.19
2.97493728942775		-4.59		8.97		5.13
3.0113650929717632		-4.16		8.18		3.31
3.0477928965157766		-6.70		7.04		1.59
3.08422070005979		-4.28		7.57		2.35
3.120648503603803		-5.68		9.48		2.61
3.1570763071478165		-5.27		7.67		3.21
3.1935041106918294		-5.35		8.19		4.51
3.2299319142358427		-5.87		6.58		1.97
3.266359717779856		-3.46		8.64		6.07
3.3027875213238693		-7.02		7.31		4.45
3.3392153248678826		-5.50		7.57		4.48
3.375643128411896		-5.07		7.69		5.16
3.4120709319559093		-7.24		6.91		4.12
3.4484987354999226		-5.04		7.11		6.32
3.4849265390439355		-5.69		7.90		6.81
3.5213543425879488		-4.62		5.23		8.32
3.557782146131962		-6.32		6.56		12.40
3.5942099496759754		0.72		6.55		11.48
3.6306377532199887		-0.86		4.92		4.97
3.667065556764002		-4.77		4.26		4.35
3.7034933603080153		-3.77		3.30		4.20
3.7399211638520287		-3.45		5.87		7.18
3.776348967396042		-3.86		4.42		8.86
3.812776770940055		-2.56		3.89		10.46
3.849204574484068		-3.50		2.93		7.51
3.8856323780280815		-6.37		3.03		6.68
3.922060181572095		-5.19		3.01		7.27
3.958487985116108		-4.73		3.55		5.17
3.9949157886601214		-5.76		4.00		6.97
4.031343592204134		-4.75		5.37		6.50
4.067771395748148		-4.41		6.17		6.67
4.104199199292161		-6.20		4.29		9.93
4.140627002836174		-5.55		3.65		7.59
4.177054806380188		-5.30		2.50		7.59
4.213482609924201		-4.35		2.88		9.83
4.249910413468214		-4.74		2.45		8.59
4.2863382170122275		-4.95		2.87		7.72
4.322766020556241		-4.84		3.24		8.76
4.359193824100254		-5.40		3.02		7.42
4.3956216276442674		-5.07		2.86		7.98
4.432049431188281		-4.62		3.07		8.45
4.468477234732294		-4.84		3.08		8.08
4.504905038276307		-5.01		2.95		8.07
4.541332841820321		-4.77		3.05		8.25
4.577760645364334		-4.89		3.09		7.99
4.6141884489083465		-4.94		2.97		8.10
4.65061625245236		-4.77		3.13		8.17
4.687044055996373		-4.95		3.03		7.96
4.723471859540386		-4.93		3.13		8.08
4.7598996630844		-4.89		3.02		8.14
4.796327466628413		-5.01		3.14		7.85
