0.023819325186989523		-2.83		8.72		-4.21
0.05954831296747381		-2.94		8.88		-4.15
0.0952773007479581		-2.89		9.04		-4.31
0.13100628852844237		-2.87		9.07		-4.13
0.16673527630892665		-2.88		8.96		-4.09
0.20246426408941096		-2.99		8.82		-4.38
0.23819325186989523		-2.96		8.85		-4.29
0.27392223965037954		-2.91		8.89		-4.02
0.3096512274308638		-2.78		8.98		-3.97
0.3453802152113481		-2.87		8.76		-4.14
0.3811092029918324		-2.75		8.89		-4.17
0.41683819077231665		-2.67		8.80		-4.13
0.45256717855280093		-2.42		8.93		-4.29
0.4882961663332852		-2.74		8.71		-4.17
0.5240251541137695		-2.72		8.73		-3.63
0.5597541418942538		-2.30		8.64		-3.76
0.595483129674738		-2.43		8.58		-4.02
0.6312121174552223		-2.69		8.38		-4.37
0.6669411052357066		-3.00		8.15		-4.43
0.702670093016191		-2.89		8.18		-4.33
0.7383990807966753		-2.48		8.20		-4.10
0.7741280685771595		-2.69		7.95		-3.82
0.8098570563576438		-2.05		7.24		-3.36
0.8455860441381281		-1.89		6.79		-3.13
0.8813150319186124		-2.42		6.32		-2.81
0.9170440196990967		-2.04		5.24		-3.15
0.9527730074795809		-2.29		5.29		-2.91
0.9885019952600652		-2.65		5.71		-2.27
1.0242309830405496		-2.64		5.93		-2.89
1.0599599708210339		-2.66		6.30		-2.01
1.0956889586015182		-2.63		7.10		-1.82
1.1314179463820024		-3.32		7.06		-3.02
1.1671469341624867		-3.04		7.40		-2.74
1.202875921942971		-3.70		9.00		-2.87
1.2386049097234553		-3.99		10.23		-3.27
1.2743338975039395		-4.13		9.89		-3.82
1.3100628852844238		-4.54		11.67		-1.22
1.345791873064908		-2.29		12.03		-2.31
1.3815208608453924		-4.17		11.83		-2.82
1.4172498486258767		-3.26		10.97		-1.25
1.452978836406361		-0.46		14.24		2.40
1.4887078241868452		-3.94		12.07		0.53
1.5244368119673295		-3.00		12.22		1.10
1.5601657997478138		-1.64		13.08		2.26
1.595894787528298		-2.49		11.34		1.67
1.6316237753087823		-1.08		11.97		3.68
1.6673527630892666		-1.15		10.96		3.04
1.7030817508697509		-2.13		10.20		3.35
1.7388107386502352		-2.10		8.77		-1.62
1.7745397264307194		-4.21		10.18		-12.84
1.8102687142112037		0.27		15.56		10.11
1.845997701991688		1.64		11.81		5.58
1.8817266897721723		-0.19		9.67		3.41
1.9174556775526566		-1.37		7.46		4.15
1.9531846653331408		-1.76		8.32		3.42
1.9889136531136251		-1.58		9.75		2.81
2.0246426408941094		-1.94		11.18		2.06
2.0603716286745937		-2.45		11.21		3.26
2.096100616455078		-1.51		11.69		2.92
2.1318296042355622		-1.43		9.67		3.24
2.1675585920160465		-1.86		8.93		2.64
2.203287579796531		-2.37		10.63		1.77
2.239016567577015		-2.70		9.88		1.68
2.2747455553574993		-1.73		9.57		1.94
2.3104745431379836		-0.87		9.48		2.25
2.346203530918468		-1.88		9.36		3.47
2.381932518698952		-2.42		9.90		2.70
2.4176615064794365		-2.50		9.47		2.36
2.4533904942599207		-2.88		8.86		3.15
2.489119482040405		-3.12		9.36		3.63
2.5248484698208893		-2.33		9.05		3.03
2.5605774576013736		-3.85		9.22		3.04
2.596306445381858		-3.29		9.56		3.31
2.632035433162342		-3.40		9.01		3.18
2.6677644209428264		-3.70		9.71		1.93
2.703493408723311		-2.87		8.83		0.86
2.7392223965037954		-4.36		9.06		2.48
2.7749513842842797		-4.02		7.79		1.50
2.810680372064764		-3.99		9.43		2.46
2.8464093598452482		-4.42		8.00		2.89
2.8821383476257325		-4.57		9.82		5.39
2.917867335406217		-4.62		6.68		0.57
2.953596323186701		-0.53		11.00		4.08
2.9893253109671853		-6.82		6.95		3.26
3.0250542987476696		-1.03		10.83		5.67
3.060783286528154		-7.17		7.11		3.83
3.096512274308638		-3.75		8.03		2.31
3.1322412620891225		-6.87		8.65		4.66
3.1679702498696067		-7.02		8.14		3.14
3.203699237650091		-6.18		7.87		4.63
3.2394282254305753		-3.87		9.46		7.35
3.2751572132110596		-6.22		6.92		5.34
3.310886200991544		-4.22		5.49		4.72
3.346615188772028		-6.68		5.39		12.47
3.3823441765525124		-2.14		4.54		10.09
3.4180731643329967		2.37		7.26		9.16
3.453802152113481		-5.07		3.50		4.19
3.4895311398939652		-7.23		8.26		6.65
3.5252601276744495		-4.47		6.55		9.59
3.560989115454934		-4.39		3.79		5.43
3.596718103235418		-3.74		3.99		7.62
3.6324470910159024		-5.42		4.57		5.31
3.6681760787963866		-6.95		3.71		4.70
3.703905066576871		-4.24		4.19		9.07
3.739634054357355		-5.35		4.62		7.82
3.7753630421378395		-5.35		2.56		5.06
3.8110920299183237		-5.57		5.26		7.81
3.846821017698808		-6.16		5.13		8.08
3.8825500054792923		-5.22		2.82		6.49
3.9182789932597766		-4.42		2.51		6.60
3.954007981040261		-4.34		3.79		8.86
3.989736968820745		-3.93		3.23		10.88
4.02546595660123		-3.92		2.43		9.24
4.061194944381714		-4.35		3.11		7.95
4.096923932162198		-5.64		2.97		8.29
4.132652919942682		-6.52		2.74		6.37
4.168381907723167		-7.58		2.27		5.31
4.204110895503651		-5.95		2.65		7.19
4.2398398832841355		-4.91		3.36		8.84
4.275568871064619		-5.52		2.89		7.54
4.311297858845104		-5.90		2.72		7.31
4.347026846625588		-5.48		2.95		7.65
4.382755834406073		-5.44		2.90		7.95
4.4184848221865565		-5.61		3.01		7.56
4.454213809967041		-5.64		3.00		7.71
4.489942797747525		-5.71		2.98		7.26
4.52567178552801		-5.57		2.83		7.67
4.561400773308494		-5.85		2.92		7.44
