0.023813255497666656		-3.40		9.68		-2.36
0.059533138744166644		-3.38		9.76		-2.40
0.09525302199066663		-3.37		9.82		-2.24
0.13097290523716662		-3.44		9.92		-2.26
0.1666927884836666		-3.37		9.90		-2.20
0.20241267173016658		-3.38		9.78		-2.17
0.23813255497666658		-3.25		9.71		-2.28
0.27385243822316657		-3.19		9.51		-2.43
0.3095723214696665		-3.19		9.41		-2.49
0.3452922047161665		-3.16		9.17		-2.53
0.3810120879626665		-3.02		9.27		-2.78
0.4167319712091665		-3.02		9.12		-2.81
0.4524518544556665		-3.04		9.13		-2.96
0.48817173770216643		-3.07		8.93		-2.84
0.5238916209486665		-2.98		8.96		-2.84
0.5596115041951665		-2.99		8.87		-3.03
0.5953313874416664		-3.01		9.01		-3.05
0.6310512706881664		-3.22		8.70		-2.88
0.6667711539346663		-3.20		8.75		-2.85
0.7024910371811663		-3.05		9.03		-2.64
0.7382109204276663		-2.99		9.45		-2.40
0.7739308036741663		-3.50		9.80		-2.69
0.8096506869206663		-3.39		9.30		-2.90
0.8453705701671663		-3.15		9.09		-2.58
0.8810904534136663		-2.82		9.03		-2.11
0.9168103366601663		-2.66		8.46		-1.96
0.9525302199066663		-2.64		7.68		-2.24
0.9882501031531662		-2.58		6.91		-1.96
1.0239699863996663		-2.37		6.71		-1.99
1.0596898696461663		-2.43		6.86		-2.07
1.0954097528926663		-2.34		6.41		-2.01
1.1311296361391663		-2.04		6.31		-1.64
1.166849519385666		-2.09		6.66		-1.61
1.202569402632166		-2.46		7.13		-1.40
1.238289285878666		-2.05		7.23		-1.75
1.274009169125166		-2.40		8.36		-1.09
1.309729052371666		-2.14		9.54		-1.98
1.345448935618166		-1.90		9.39		-2.21
1.381168818864666		-3.06		10.16		-0.98
1.416888702111166		-2.58		9.06		-1.55
1.452608585357666		-2.55		9.63		-0.08
1.488328468604166		-3.03		10.25		-0.43
1.524048351850666		-3.08		10.84		-0.19
1.559768235097166		-3.38		12.07		-0.15
1.595488118343666		-3.08		13.03		0.54
1.631208001590166		-2.73		13.05		-0.47
1.666927884836666		-3.47		13.08		0.32
1.702647768083166		-0.05		13.32		-1.45
1.738367651329666		-1.68		12.06		-1.45
1.774087534576166		-1.81		10.43		0.05
1.809807417822666		-1.90		11.39		-2.43
1.845527301069166		-1.84		12.26		-0.76
1.881247184315666		-1.69		9.74		-2.89
1.9169670675621657		-1.79		11.33		-0.51
1.9526869508086657		-2.78		13.25		6.11
1.9884068340551657		-4.10		12.02		4.01
2.024126717301666		-6.17		8.55		-0.85
2.0598466005481657		-3.24		8.94		0.49
2.095566483794666		-3.41		9.36		0.45
2.1312863670411657		-2.87		8.44		-0.10
2.167006250287666		-1.68		9.89		-0.33
2.2027261335341657		-1.82		9.70		-1.61
2.238446016780666		-2.16		10.76		1.07
2.2741659000271657		-1.87		10.76		-1.45
2.3098857832736654		-2.39		12.57		-1.48
2.3456056665201657		-1.30		10.91		-0.25
2.3813255497666654		-3.15		10.53		-1.71
2.4170454330131657		-1.32		10.21		0.15
2.4527653162596654		-2.07		10.15		-1.66
2.4884851995061656		-1.00		11.18		-1.69
2.5242050827526654		-2.82		9.89		-2.10
2.5599249659991656		-2.30		9.19		-1.50
2.5956448492456654		-1.52		10.00		-1.83
2.6313647324921656		-1.33		9.22		-3.10
2.6670846157386654		-3.85		9.80		-0.52
2.7028044989851656		-1.73		10.36		-0.93
2.7385243822316654		-2.22		9.32		-2.23
2.7742442654781656		-4.71		9.95		-1.53
2.8099641487246654		-0.63		8.94		-2.69
2.8456840319711656		-3.17		9.11		-2.28
2.8814039152176654		-4.11		10.33		1.20
2.9171237984641656		-0.10		8.26		-5.00
2.9528436817106654		-3.13		9.48		-3.35
2.9885635649571656		-5.41		10.97		1.40
3.0242834482036653		-3.85		9.89		-2.40
3.060003331450165		-3.17		7.80		-2.34
3.0957232146966653		-4.40		8.78		-3.17
3.131443097943165		-4.00		8.85		-1.92
3.1671629811896653		-4.41		8.44		-2.58
3.202882864436165		-4.60		9.16		-1.27
3.2386027476826653		-5.37		7.22		-3.99
3.274322630929165		-3.10		9.56		-3.65
3.3100425141756653		-4.88		7.06		-3.50
3.345762397422165		-7.71		8.72		0.51
3.3814822806686653		-3.79		7.30		-2.87
3.417202163915165		-4.80		6.87		-1.66
3.4529220471616653		-9.61		11.34		3.21
3.488641930408165		-4.32		5.41		-4.75
3.5243618136546653		-2.77		10.59		-2.89
3.560081696901165		-7.86		6.03		1.04
3.5958015801476653		-7.05		9.84		0.51
3.631521463394165		-6.63		9.01		2.28
3.6672413466406653		-2.39		8.48		5.26
3.702961229887165		0.41		5.80		5.60
3.7386811131336652		-5.55		4.70		4.58
3.774400996380165		-11.55		4.08		14.59
3.8101208796266652		-6.69		0.10		-3.31
3.845840762873165		0.22		6.52		10.81
3.881560646119665		-7.10		6.31		5.78
3.917280529366165		-5.04		3.00		3.87
3.9530004126126648		-6.07		4.32		3.49
3.988720295859165		-5.53		5.59		8.25
4.024440179105665		-4.83		4.26		8.27
4.060160062352165		-3.55		4.63		8.97
4.095879945598665		-3.41		4.17		9.16
4.1315998288451645		-3.90		6.30		7.92
4.167319712091665		-5.88		6.22		10.56
4.203039595338165		-7.87		4.51		6.89
4.238759478584665		-7.91		1.55		4.24
4.2744793618311645		-5.07		1.83		6.66
4.310199245077665		-3.08		1.87		10.94
4.345919128324165		-3.97		1.77		11.36
4.381639011570665		-5.32		1.70		8.31
4.4173588948171645		-6.51		1.92		7.34
4.453078778063665		-6.54		1.74		6.71
4.488798661310165		-5.77		1.86		7.51
4.524518544556665		-4.98		1.87		8.83
4.5602384278031645		-5.19		1.91		8.28
4.595958311049665		-5.70		1.95		7.63
4.631678194296165		-5.25		2.04		8.32
4.667398077542664		-5.22		2.18		8.22
4.703117960789164		-5.40		2.07		8.18
4.738837844035665		-5.55		1.96		7.62
4.774557727282165		-5.51		2.01		8.01
4.810277610528664		-5.32		1.99		8.14
4.845997493775164		-5.60		1.95		7.86
4.881717377021665		-5.47		2.05		8.14
4.917437260268165		-5.62		2.01		7.99
4.953157143514664		-5.44		1.96		8.04
4.988877026761164		-5.44		2.04		8.08
5.024596910007665		-5.63		1.87		7.86
5.060316793254165		-5.42		2.02		8.16
