0.024186148432088016		-3.29		9.43		-3.04
0.06046537108022004		-3.37		9.29		-3.08
0.09674459372835206		-3.34		9.22		-3.02
0.13302381637648408		-3.19		9.21		-2.98
0.1693030390246161		-3.16		9.23		-3.03
0.20558226167274812		-3.15		9.12		-3.07
0.24186148432088017		-3.25		9.05		-3.28
0.27814070696901216		-3.24		9.13		-3.30
0.3144199296171442		-3.17		9.02		-2.88
0.3506991522652762		-2.97		9.23		-2.60
0.38697837491340825		-3.00		9.25		-2.68
0.4232575975615403		-3.10		9.21		-3.00
0.4595368202096723		-2.99		8.81		-2.64
0.49581604285780434		-2.91		8.75		-2.78
0.5320952655059363		-3.04		8.95		-2.92
0.5683744881540683		-2.81		9.06		-2.70
0.6046537108022004		-2.81		8.76		-2.63
0.6409329334503324		-2.86		8.59		-2.66
0.6772121560984644		-2.58		8.21		-2.84
0.7134913787465965		-2.81		7.62		-2.48
0.7497706013947285		-2.89		6.85		-2.01
0.7860498240428605		-2.81		6.04		-1.98
0.8223290466909925		-3.02		5.94		-1.65
0.8586082693391246		-2.65		6.24		-2.26
0.8948874919872566		-3.19		6.30		-1.81
0.9311667146353886		-3.21		5.69		-1.89
0.9674459372835207		-3.31		6.33		-2.70
1.0037251599316526		-3.38		7.01		-1.41
1.0400043825797847		-3.39		7.34		-1.80
1.0762836052279168		-3.55		7.43		-1.74
1.1125628278760487		-4.13		8.70		-1.21
1.1488420505241808		-4.02		8.99		-1.42
1.1851212731723129		-4.33		9.10		-2.32
1.2214004958204447		-4.68		10.23		-1.32
1.2576797184685768		-4.06		10.74		0.15
1.293958941116709		-4.69		11.92		1.92
1.3302381637648408		-5.08		12.06		0.93
1.366517386412973		-4.48		12.24		3.20
1.4027966090611048		-4.07		11.69		1.75
1.439075831709237		-3.61		12.65		2.18
1.475355054357369		-3.21		12.32		2.73
1.511634277005501		-2.21		12.92		2.75
1.547913499653633		-3.13		12.48		2.14
1.584192722301765		-2.78		11.29		2.08
1.620471944949897		-2.05		10.24		-0.74
1.656751167598029		-2.57		10.40		-0.32
1.6930303902461612		-1.64		12.14		0.55
1.729309612894293		-1.78		11.39		4.84
1.7655888355424252		-2.09		9.12		4.72
1.801868058190557		-2.56		8.12		4.71
1.8381472808386892		-1.40		8.21		3.16
1.8744265034868213		-2.69		9.85		2.53
1.9107057261349532		-1.20		10.13		3.12
1.9469849487830853		-2.49		10.26		1.27
1.9832641714312174		-3.24		10.11		2.89
2.0195433940793492		-1.99		9.49		2.47
2.055822616727481		-3.73		9.93		3.75
2.0921018393756134		-3.04		11.03		3.70
2.1283810620237453		-3.06		9.24		3.75
2.164660284671877		-1.88		9.39		3.42
2.2009395073200095		-3.29		9.79		2.66
2.2372187299681414		-3.00		9.30		2.36
2.2734979526162733		-2.69		8.85		2.42
2.3097771752644056		-4.14		9.73		3.12
2.3460563979125375		-2.74		8.23		3.04
2.3823356205606694		-4.65		9.13		2.78
2.4186148432088017		-3.73		9.12		3.19
2.4548940658569336		-4.61		8.56		2.86
2.4911732885050655		-3.70		9.33		2.73
2.527452511153198		-5.12		8.25		2.43
2.5637317338013297		-3.71		8.76		2.22
2.6000109564494616		-4.27		8.63		2.72
2.636290179097594		-4.70		8.84		2.63
2.6725694017457258		-3.32		8.94		2.02
2.7088486243938577		-3.85		8.59		4.96
2.74512784704199		-4.10		8.76		2.05
2.781407069690122		-4.85		8.17		3.18
2.8176862923382537		-4.84		8.47		2.05
2.853965514986386		-5.79		7.72		2.20
2.890244737634518		-5.34		7.80		2.53
2.92652396028265		-4.62		7.70		3.18
2.9628031829307817		-5.16		8.45		4.37
2.999082405578914		-3.43		7.56		3.36
3.035361628227046		-5.93		7.20		2.82
3.071640850875178		-4.85		7.51		2.03
3.10792007352331		-5.51		7.42		1.80
3.144199296171442		-5.72		8.93		3.38
3.180478518819574		-5.86		6.48		2.49
3.216757741467706		-5.42		8.56		3.57
3.253036964115838		-7.18		6.62		3.61
3.28931618676397		-4.06		9.01		6.04
3.3255954094121023		-6.71		7.39		4.21
3.361874632060234		-6.94		6.68		4.71
3.398153854708366		-6.51		7.07		5.13
3.4344330773564984		-7.05		5.42		9.07
3.4707123000046303		-6.07		4.19		10.38
3.506991522652762		-2.24		4.90		8.59
3.5432707453008945		-0.51		9.25		5.80
3.5795499679490264		-6.76		2.52		4.53
3.6158291905971582		-4.80		5.59		7.57
3.6521084132452906		-2.64		5.32		5.60
3.6883876358934224		-7.38		2.14		6.22
3.7246668585415543		-5.63		1.69		5.41
3.7609460811896867		-4.52		3.97		9.15
3.7972253038378185		-5.19		3.26		6.84
3.8335045264859504		-7.36		3.65		5.45
3.8697837491340827		-6.92		4.64		4.79
3.9060629717822146		-6.25		4.39		5.98
3.9423421944303465		-5.93		5.18		6.21
3.9786214170784784		-6.92		6.40		6.39
4.01490063972661		-6.89		3.17		6.27
4.051179862374743		-5.86		3.86		6.93
4.087459085022875		-5.54		3.79		8.46
4.123738307671006		-5.95		2.03		8.32
4.160017530319139		-5.45		3.18		7.61
4.196296752967271		-6.24		2.58		7.02
4.232575975615402		-5.36		3.57		7.70
4.268855198263535		-5.83		3.08		7.69
4.305134420911667		-5.59		3.08		7.99
4.3414136435597985		-5.44		3.26		7.79
4.377692866207931		-5.70		3.07		7.35
4.413972088856063		-5.35		3.23		7.85
4.450251311504195		-5.51		3.28		7.60
4.486530534152327		-5.72		3.05		7.45
4.522809756800459		-5.54		3.36		7.58
4.559088979448591		-5.46		3.04		7.70
4.595368202096723		-5.38		3.35		7.72
4.631647424744855		-5.55		3.10		7.53
4.667926647392987		-5.50		3.20		7.59
4.704205870041119		-5.58		3.12		7.75
4.7404850926892514		-5.70		3.24		7.46
4.776764315337383		-5.57		3.16		7.66
4.813043537985515		-5.53		3.25		7.57
4.8493227606336475		-5.47		3.22		7.66
4.885601983281779		-5.50		3.15		7.59
