0.023518372475402977		-3.28		9.72		-1.76
0.05879593118850744		-3.22		9.50		-1.59
0.0940734899016119		-3.15		9.50		-1.58
0.12935104861471636		-3.09		9.48		-1.67
0.16462860732782084		-3.14		9.56		-1.90
0.19990616604092531		-3.31		9.57		-2.06
0.23518372475402977		-3.32		9.49		-2.20
0.2704612834671342		-3.27		9.31		-2.11
0.3057388421802387		-3.13		9.28		-2.02
0.3410164008933432		-3.14		9.27		-1.95
0.3762939596064476		-3.21		9.30		-1.92
0.4115715183195521		-3.22		9.32		-1.70
0.4468490770326565		-3.19		9.48		-1.77
0.48212663574576103		-3.19		9.76		-1.89
0.5174041944588654		-3.17		9.61		-1.54
0.55268175317197		-3.09		9.54		-1.71
0.5879593118850744		-3.09		9.34		-1.78
0.6232368705981789		-3.08		9.23		-1.74
0.6585144293112833		-2.92		9.27		-1.67
0.6937919880243878		-3.00		9.66		-1.96
0.7290695467374922		-2.75		9.25		-1.80
0.7643471054505967		-2.58		9.06		-1.73
0.7996246641637013		-2.78		8.96		-1.74
0.8349022228768057		-2.25		8.40		-2.30
0.8701797815899102		-2.62		8.07		-1.87
0.9054573403030146		-3.15		7.63		-1.35
0.9407348990161191		-2.50		7.07		-1.44
0.9760124577292235		-2.43		6.47		-0.91
1.011290016442328		-2.63		7.03		-1.27
1.0465675751554324		-2.73		6.73		-1.14
1.0818451338685369		-2.65		6.99		-1.00
1.1171226925816413		-2.80		7.82		-1.28
1.1524002512947458		-2.89		7.09		-1.86
1.1876778100078502		-1.98		8.07		-0.85
1.222955368720955		-2.44		7.97		-1.18
1.2582329274340593		-2.41		7.53		-1.35
1.2935104861471638		-2.83		8.95		-1.17
1.3287880448602682		-3.06		9.15		-1.34
1.3640656035733727		-3.16		9.32		-1.63
1.3993431622864771		-3.34		9.47		-1.38
1.4346207209995816		-3.65		9.89		-0.96
1.469898279712686		-3.78		10.93		-0.83
1.5051758384257905		-3.94		11.94		0.89
1.540453397138895		-3.84		11.67		-0.08
1.5757309558519994		-3.60		11.77		-0.55
1.6110085145651039		-1.42		14.26		-0.20
1.6462860732782083		-2.24		12.58		2.23
1.6815636319913128		-1.71		11.85		1.25
1.7168411907044172		-1.69		12.20		1.63
1.7521187494175217		-1.18		12.21		2.20
1.787396308130626		-0.95		10.77		1.22
1.8226738668437308		-0.46		10.59		0.69
1.8579514255568352		0.60		9.83		2.00
1.8932289842699397		0.21		9.93		0.94
1.9285065429830441		-0.44		10.45		0.19
1.9637841016961486		-3.31		10.14		0.46
1.999061660409253		-1.28		12.31		3.42
2.0343392191223573		0.91		10.48		6.73
2.0696167778354617		-0.41		10.27		4.48
2.1048943365485666		-0.34		9.73		5.69
2.140171895261671		-0.64		9.26		4.32
2.1754494539747755		-0.03		8.87		4.97
2.21072701268788		0.01		8.25		2.58
2.2460045714009844		-0.79		10.13		3.00
2.281282130114089		0.10		10.91		0.74
2.3165596888271933		-1.05		12.11		2.52
2.3518372475402978		-0.73		10.13		2.90
2.387114806253402		-1.69		11.14		3.65
2.4223923649665067		0.14		9.88		2.63
2.457669923679611		-2.71		9.92		2.85
2.4929474823927156		-1.56		9.76		2.17
2.52822504110582		-2.67		9.52		2.65
2.5635025998189245		-2.16		9.86		1.65
2.598780158532029		-0.82		9.84		1.92
2.6340577172451334		-2.48		9.01		1.50
2.669335275958238		-1.05		9.06		3.01
2.7046128346713423		-2.49		9.01		3.58
2.7398903933844467		-1.35		9.84		3.08
2.775167952097551		-3.24		9.04		2.53
2.8104455108106556		-3.65		9.16		2.01
2.84572306952376		-2.27		9.45		2.79
2.8810006282368645		-2.98		8.72		3.24
2.916278186949969		-3.65		9.19		2.48
2.9515557456630734		-3.62		9.28		3.03
2.986833304376178		-3.13		9.11		3.45
3.0221108630892823		-3.18		9.33		2.09
3.057388421802387		-4.33		8.99		3.42
3.0926659805154912		-2.84		9.19		2.76
3.1279435392285957		-3.85		8.76		2.65
3.1632210979417		-4.95		8.74		4.19
3.198498656654805		-2.90		9.39		5.03
3.2337762153679095		-3.34		7.68		2.34
3.269053774081014		-6.21		7.56		2.96
3.3043313327941184		-3.96		8.25		2.21
3.339608891507223		-2.84		9.70		5.05
3.3748864502203273		-5.02		7.99		4.50
3.4101640089334317		-3.22		7.36		3.14
3.445441567646536		-5.04		7.82		4.97
3.4807191263596406		-4.53		7.13		3.44
3.515996685072745		-4.86		8.92		4.98
3.5512742437858495		-6.26		7.54		4.50
3.586551802498954		-5.85		7.94		3.28
3.6218293612120585		-3.92		7.80		5.21
3.657106919925163		-5.71		7.77		4.41
3.6923844786382674		-4.89		7.58		4.93
3.727662037351372		-4.35		8.30		6.40
3.7629395960644763		-7.06		6.65		3.55
3.7982171547775807		-3.82		8.19		6.31
3.833494713490685		-6.57		6.71		2.27
3.8687722722037896		-6.02		6.91		3.74
3.904049830916894		-5.58		7.09		5.23
3.9393273896299985		-5.52		7.20		6.97
3.974604948343103		-4.16		7.20		8.47
4.009882507056208		-0.83		7.28		12.84
4.045160065769312		-4.57		5.10		8.36
4.080437624482417		-3.37		3.31		7.20
4.115715183195521		-4.54		2.94		6.14
4.150992741908626		-3.68		5.68		10.90
4.18627030062173		-3.96		4.14		4.66
4.221547859334835		-5.85		4.50		4.63
4.256825418047939		-4.75		4.91		6.31
4.2921029767610435		-3.24		5.39		8.01
4.3273805354741475		-4.27		4.18		7.82
4.362658094187252		-4.26		4.50		8.31
4.397935652900356		-4.21		3.42		8.90
4.433213211613461		-3.91		3.39		8.56
4.468490770326565		-3.79		2.73		7.94
4.50376832903967		-4.10		4.08		7.49
4.539045887752774		-3.96		4.15		8.12
4.574323446465879		-4.37		5.47		8.86
4.609601005178983		-5.00		3.10		7.08
4.644878563892088		-3.91		3.20		8.47
4.680156122605192		-3.28		3.10		9.35
4.715433681318297		-3.81		3.15		8.71
4.750711240031401		-3.99		3.41		8.05
4.785988798744506		-3.71		3.72		8.63
4.82126635745761		-3.82		3.52		8.47
4.856543916170715		-3.58		3.33		8.59
4.89182147488382		-3.89		3.47		8.51
4.927099033596924		-3.91		3.35		8.51
4.9623765923100285		-3.66		3.47		8.61
4.9976541510231325		-3.78		3.50		8.62
