0.024060442447662353		-2.72		9.12		-3.59
0.06015110611915588		-2.68		9.11		-3.55
0.09624176979064941		-2.68		9.15		-3.62
0.13233243346214293		-2.62		9.15		-3.62
0.16842309713363646		-2.70		9.19		-3.64
0.20451376080513		-2.65		9.16		-3.66
0.24060442447662353		-2.74		9.03		-3.72
0.27669508814811705		-2.70		9.27		-3.66
0.3127857518196106		-2.73		9.09		-3.54
0.3488764154911041		-2.75		9.10		-3.66
0.38496707916259765		-2.65		9.02		-3.66
0.4210577428340912		-2.65		8.91		-3.54
0.4571484065055847		-2.75		8.90		-3.25
0.49323907017707824		-2.51		8.97		-3.28
0.5293297338485717		-2.75		8.95		-3.69
0.5654203975200653		-2.73		9.00		-3.69
0.6015110611915588		-2.48		9.15		-3.43
0.6376017248630523		-2.72		9.04		-3.26
0.6736923885345458		-2.10		8.71		-3.52
0.7097830522060394		-2.66		8.11		-3.73
0.7458737158775329		-2.97		7.20		-3.41
0.7819643795490264		-2.78		6.48		-2.76
0.81805504322052		-2.85		6.37		-2.18
0.8541457068920135		-2.65		6.32		-2.02
0.890236370563507		-2.16		7.00		-2.25
0.9263270342350006		-1.93		5.93		-2.65
0.9624176979064941		-2.77		6.18		-1.90
0.9985083615779876		-3.16		6.79		-2.52
1.0345990252494812		-2.50		7.25		-2.91
1.0706896889209747		-3.00		7.73		-2.58
1.1067803525924682		-3.88		7.55		-2.71
1.1428710162639617		-3.28		8.12		-2.65
1.1789616799354552		-3.52		8.80		-2.30
1.215052343606949		-4.19		8.44		-1.91
1.2511430072784424		-4.93		9.18		-1.95
1.287233670949936		-6.03		9.06		-1.73
1.3233243346214294		-4.40		10.54		-1.28
1.359414998292923		-5.40		11.11		-0.21
1.3955056619644164		-4.89		10.75		-0.49
1.43159632563591		-3.56		12.16		1.48
1.4676869893074036		-3.93		12.03		-0.06
1.503777652978897		-3.47		11.97		0.24
1.5398683166503906		-3.75		12.71		2.52
1.575958980321884		-3.53		12.19		1.59
1.6120496439933776		-2.67		11.91		2.71
1.648140307664871		-2.11		10.56		0.99
1.6842309713363648		-1.89		10.35		-0.09
1.7203216350078583		-5.82		14.37		-2.80
1.7564122986793518		-0.71		9.72		6.30
1.7925029623508453		-3.92		8.57		6.62
1.8285936260223388		-3.85		8.92		5.69
1.8646842896938323		-2.03		8.46		4.09
1.900774953365326		-4.02		9.47		3.41
1.9368656170368195		-2.79		10.49		3.02
1.972956280708313		-3.06		10.76		2.10
2.0090469443798065		-2.68		7.55		3.06
2.0451376080513		-4.43		9.15		4.16
2.0812282717227935		-3.91		10.16		4.42
2.117318935394287		-3.91		8.96		3.32
2.1534095990657804		-3.39		8.94		3.45
2.189500262737274		-3.96		7.97		3.03
2.2255909264087674		-4.49		9.67		3.20
2.2616815900802614		-3.73		8.90		2.75
2.297772253751755		-4.90		8.32		4.65
2.3338629174232484		-4.75		8.96		3.47
2.369953581094742		-4.17		8.12		2.49
2.4060442447662354		-5.30		8.40		3.07
2.442134908437729		-2.33		8.74		2.50
2.4782255721092223		-5.28		8.33		3.35
2.514316235780716		-4.64		8.13		3.51
2.5504068994522093		-5.49		7.94		4.05
2.586497563123703		-4.91		8.80		3.98
2.6225882267951963		-4.67		7.75		2.90
2.65867889046669		-5.34		8.17		3.90
2.6947695541381833		-5.94		7.87		3.03
2.7308602178096772		-4.86		7.82		4.38
2.7669508814811707		-6.01		8.26		3.49
2.8030415451526642		-4.07		8.42		3.08
2.8391322088241577		-7.16		7.05		3.35
2.8752228724956512		-5.92		7.66		3.36
2.9113135361671447		-4.98		9.10		4.05
2.947404199838638		-5.95		7.85		6.01
2.9834948635101317		-5.89		6.48		2.73
3.019585527181625		-5.75		7.11		3.31
3.0556761908531187		-5.44		6.71		3.55
3.091766854524612		-6.06		6.03		4.04
3.1278575181961057		-5.50		10.25		3.63
3.1639481818675996		-7.06		5.15		4.11
3.200038845539093		-3.29		9.60		7.93
3.2361295092105866		-7.08		6.96		5.64
3.27222017288208		-6.61		6.25		5.12
3.3083108365535736		-5.64		7.34		6.00
3.344401500225067		-3.64		3.73		6.81
3.3804921638965606		-7.08		6.05		6.49
3.416582827568054		-3.37		6.14		7.95
3.4526734912395476		-1.88		3.91		8.60
3.488764154911041		-3.43		5.47		7.77
3.5248548185825346		-2.40		4.88		9.84
3.560945482254028		-1.89		4.43		11.31
3.5970361459255216		-11.07		1.04		2.36
3.6331268095970155		-8.11		3.70		4.62
3.669217473268509		-4.44		2.55		8.33
3.7053081369400025		-4.91		2.25		6.85
3.741398800611496		-6.85		3.03		6.35
3.7774894642829895		-6.18		3.82		5.05
3.813580127954483		-5.43		4.96		7.38
3.8496707916259765		-5.56		4.90		7.94
3.88576145529747		-5.76		4.20		7.11
3.9218521189689635		-5.49		3.14		7.06
3.957942782640457		-5.48		4.06		7.81
3.9940334463119505		-4.93		3.26		7.79
4.030124109983444		-5.79		3.61		7.19
4.066214773654938		-6.00		3.77		7.62
4.102305437326431		-5.47		3.34		7.90
4.138396100997925		-5.26		3.60		7.59
4.174486764669418		-5.65		3.53		7.69
4.210577428340912		-5.52		3.46		7.34
4.246668092012405		-5.73		3.52		7.34
4.282758755683899		-5.32		3.69		7.56
4.318849419355392		-5.49		3.57		7.42
4.354940083026886		-5.33		3.60		7.56
4.391030746698379		-5.53		3.69		7.32
4.427121410369873		-5.48		3.67		7.52
4.463212074041366		-5.55		3.57		7.43
4.49930273771286		-5.59		3.56		7.55
4.535393401384353		-5.77		3.56		7.17
4.571484065055847		-5.54		3.54		7.43
4.60757472872734		-5.50		3.70		7.47
4.643665392398834		-5.64		3.59		7.38
4.679756056070327		-5.64		3.59		7.27
4.715846719741821		-5.46		3.73		7.58
4.751937383413314		-5.61		3.68		7.36
4.788028047084809		-5.61		3.67		7.44
