0.023583652337780793		-3.03		9.51		-1.74
0.05895913084445198		-3.11		9.54		-1.74
0.09433460935112317		-3.13		9.50		-1.75
0.12971008785779437		-3.11		9.49		-1.71
0.16508556636446556		-3.04		9.57		-1.86
0.20046104487113675		-3.12		9.66		-1.80
0.23583652337780792		-3.04		9.54		-1.70
0.27121200188447914		-3.10		9.64		-1.72
0.3065874803911503		-3.06		9.51		-1.71
0.3419629588978215		-3.05		9.57		-1.67
0.3773384374044927		-3.03		9.60		-1.75
0.41271391591116385		-3.07		9.60		-1.90
0.4480893944178351		-3.09		9.50		-1.81
0.48346487292450624		-3.05		9.38		-1.73
0.5188403514311775		-3.07		9.29		-1.79
0.5542158299378487		-3.01		9.36		-1.83
0.5895913084445198		-2.92		9.27		-1.69
0.624966786951191		-2.85		9.25		-1.73
0.6603422654578622		-2.90		9.18		-1.87
0.6957177439645333		-2.82		9.13		-1.93
0.7310932224712046		-2.74		9.28		-1.95
0.7664687009778758		-2.87		9.42		-1.88
0.801844179484547		-2.84		9.56		-1.85
0.8372196579912181		-2.62		9.21		-1.78
0.8725951364978893		-2.60		8.72		-1.87
0.9079706150045606		-2.43		8.22		-1.93
0.9433460935112317		-2.30		7.73		-1.67
0.9787215720179029		-2.26		6.74		-1.69
1.014097050524574		-2.25		6.54		-1.85
1.0494725290312452		-2.26		7.03		-2.08
1.0848480075379165		-2.12		6.75		-2.09
1.1202234860445877		-2.14		6.81		-2.35
1.1555989645512588		-2.09		7.58		-2.36
1.19097444305793		-1.73		7.61		-1.80
1.2263499215646012		-1.77		7.52		-2.12
1.2617254000712723		-2.53		7.98		-1.64
1.2971008785779437		-2.33		8.33		-1.55
1.3324763570846148		-3.38		8.92		-1.78
1.367851835591286		-3.06		8.54		-1.99
1.4032273140979572		-3.87		9.01		-1.14
1.4386027926046283		-4.45		8.58		-1.31
1.4739782711112996		-4.91		9.48		-0.90
1.5093537496179708		-4.59		10.77		1.09
1.5447292281246419		-4.15		11.15		0.93
1.5801047066313132		-4.42		11.33		1.18
1.6154801851379843		-2.46		11.51		3.68
1.6508556636446554		-2.54		10.95		3.79
1.6862311421513267		-2.66		12.38		2.24
1.7216066206579979		-1.96		11.57		1.34
1.7569820991646692		-1.53		12.31		1.31
1.7923575776713403		-1.64		12.44		2.09
1.8277330561780114		-1.19		11.16		1.91
1.8631085346846827		-0.69		11.82		2.05
1.8984840131913538		0.31		11.49		-0.02
1.933859491698025		1.17		9.44		-0.99
1.9692349702046963		1.45		13.01		-3.49
2.0046104487113676		0.54		12.64		4.97
2.0399859272180385		2.35		10.21		6.18
2.07536140572471		-0.24		8.50		5.59
2.110736884231381		-1.28		9.30		4.43
2.146112362738052		0.42		11.57		2.60
2.1814878412447234		0.09		11.79		1.63
2.2168633197513947		-0.87		10.90		2.86
2.2522387982580656		-1.12		10.01		4.01
2.287614276764737		-1.60		10.61		3.17
2.3229897552714083		-1.58		9.61		3.27
2.358365233778079		-0.96		9.52		2.77
2.3937407122847505		-0.94		9.90		2.76
2.429116190791422		-1.08		9.35		2.54
2.4644916692980927		-0.23		9.65		3.02
2.499867147804764		-0.62		9.80		2.11
2.5352426263114354		-1.53		9.36		2.74
2.5706181048181063		-2.36		10.54		2.91
2.6059935833247776		-0.23		8.70		1.25
2.641369061831449		-2.12		9.49		3.19
2.67674454033812		-2.13		9.32		2.59
2.712120018844791		-2.36		9.54		2.40
2.7474954973514625		-1.50		9.48		2.46
2.7828709758581334		-2.30		9.15		3.46
2.8182464543648047		-3.42		9.66		3.75
2.853621932871476		-3.09		10.01		4.95
2.8889974113781474		-3.26		9.33		4.13
2.9243728898848182		-3.54		9.56		4.91
2.9597483683914896		-2.91		9.08		3.71
2.995123846898161		-3.66		9.73		3.96
3.030499325404832		-2.81		8.96		2.76
3.065874803911503		-4.44		7.87		2.94
3.1012502824181745		-4.39		8.92		3.77
3.1366257609248454		-3.09		8.43		3.03
3.1720012394315167		-5.28		8.33		3.54
3.207376717938188		-3.88		8.08		3.88
3.242752196444859		-3.86		8.55		4.63
3.2781276749515302		-4.90		7.87		3.92
3.3135031534582016		-2.65		7.31		3.75
3.3488786319648725		-3.77		9.21		5.15
3.384254110471544		-3.83		7.91		4.06
3.419629588978215		-3.16		8.45		6.43
3.455005067484886		-5.22		8.32		4.62
3.4903805459915573		-5.05		6.36		4.26
3.5257560244982287		-1.95		7.59		7.81
3.5611315030048996		-5.17		6.96		11.19
3.596506981511571		-2.40		7.58		11.10
3.631882460018242		0.26		6.25		9.41
3.667257938524913		-0.29		5.29		7.14
3.7026334170315844		-0.98		3.77		5.66
3.7380088955382558		-1.82		3.79		8.06
3.7733843740449267		-2.01		2.81		7.72
3.808759852551598		-3.23		3.01		8.20
3.8441353310582693		-5.65		3.52		5.64
3.8795108095649407		-6.45		2.78		5.38
3.9148862880716115		-2.62		4.41		9.13
3.950261766578283		-4.78		7.46		10.97
3.985637245084954		-3.27		7.36		8.60
4.0210127235916255		-3.75		3.99		6.04
4.056388202098296		-5.03		4.74		7.41
4.091763680604967		-4.77		4.49		6.98
4.127139159111639		-4.53		2.44		7.51
4.16251463761831		-4.40		3.04		9.14
4.197890116124981		-4.12		2.95		9.01
4.233265594631653		-4.06		1.59		9.26
4.2686410731383235		-3.15		2.47		9.86
4.304016551644994		-3.58		2.74		9.35
4.339392030151666		-5.15		2.35		7.53
4.374767508658337		-5.26		2.75		7.14
4.410142987165008		-4.21		2.73		8.53
4.44551846567168		-4.23		2.78		8.94
4.480893944178351		-4.77		2.74		8.10
4.5162694226850215		-4.68		2.75		8.16
4.551644901191693		-4.42		2.90		8.64
4.587020379698364		-4.80		2.69		8.02
4.622395858205035		-4.67		2.60		8.38
4.657771336711707		-4.63		2.70		8.43
4.693146815218378		-4.88		2.62		8.03
4.728522293725049		-4.62		2.66		8.29
4.76389777223172		-4.47		2.71		8.52
4.799273250738391		-4.50		2.64		8.21
