0.02395221182537563		-3.16		9.63		-0.41
0.059880529563439075		-3.12		9.64		-0.38
0.09580884730150252		-3.11		9.70		-0.37
0.13173716503956595		-3.08		9.57		-0.57
0.1676654827776294		-3.07		9.61		-0.42
0.20359380051569287		-3.03		9.67		-0.45
0.2395221182537563		-3.10		9.61		-0.45
0.27545043599181973		-3.12		9.60		-0.47
0.3113787537298832		-3.20		9.53		-0.38
0.34730707146794665		-3.15		9.59		-0.11
0.3832353892060101		-3.11		9.68		-0.06
0.4191637069440735		-3.09		9.70		-0.11
0.45509202468213694		-3.04		9.68		-0.01
0.49102034242020043		-3.00		9.61		-0.30
0.5269486601582638		-2.94		9.66		-0.31
0.5628769778963273		-2.98		9.45		-0.75
0.5988052956343908		-3.00		8.96		-0.53
0.6347336133724542		-2.63		8.74		-0.21
0.6706619311105176		-2.64		8.34		-0.53
0.7065902488485811		-2.47		7.80		-0.32
0.7425185665866445		-2.39		7.50		0.28
0.778446884324708		-2.12		6.49		0.48
0.8143752020627715		-2.54		5.63		0.06
0.8503035198008349		-2.26		6.06		-0.19
0.8862318375388983		-2.24		6.16		-0.11
0.9221601552769617		-2.52		6.26		-0.11
0.9580884730150252		-2.71		7.10		-0.67
0.9940167907530887		-2.40		8.10		-0.89
1.0299451084911522		-2.68		7.97		-0.77
1.0658734262292155		-2.81		9.20		-1.31
1.101801743967279		-2.61		9.10		-1.18
1.1377300617053425		-3.20		10.03		-0.68
1.173658379443406		-3.39		10.96		-0.55
1.2095866971814693		-3.40		10.13		-1.98
1.2455150149195329		-3.36		10.71		-0.07
1.2814433326575962		-2.53		10.77		-0.55
1.3173716503956596		-2.08		11.51		1.17
1.353299968133723		-2.59		11.31		1.94
1.3892282858717866		-3.20		11.59		2.43
1.42515660360985		-2.40		11.77		2.31
1.4610849213479133		-2.31		11.01		1.13
1.497013239085977		-2.55		12.15		2.90
1.5329415568240403		-2.95		13.01		2.73
1.5688698745621037		-2.60		12.87		2.38
1.6047981923001673		-1.15		12.22		1.91
1.6407265100382307		0.14		9.24		-0.34
1.676654827776294		0.11		10.59		2.63
1.7125831455143576		-0.21		10.72		-1.16
1.748511463252421		-1.73		11.26		-1.76
1.7844397809904844		-0.57		12.10		3.11
1.8203680987285478		3.28		11.00		8.27
1.8562964164666114		0.64		10.94		6.12
1.8922247342046747		-1.04		9.65		4.65
1.9281530519427381		-0.43		8.64		4.69
1.9640813696808017		-0.20		9.22		3.78
2.0000096874188653		-0.38		9.10		2.39
2.0359380051569285		0.07		10.59		2.08
2.071866322894992		-0.73		11.84		2.01
2.107794640633055		0.52		10.26		2.37
2.143722958371119		-0.71		10.37		2.97
2.1796512761091824		-0.63		10.35		2.99
2.2155795938472456		-0.96		9.54		2.93
2.251507911585309		-1.02		10.15		2.69
2.2874362293233728		-1.64		10.60		2.59
2.323364547061436		-0.26		9.43		2.75
2.3592928647994995		-1.34		10.17		1.60
2.395221182537563		-2.13		9.66		2.40
2.4311495002756263		-1.43		9.36		1.13
2.46707781801369		-1.56		9.84		2.14
2.5030061357517535		-3.32		10.14		1.61
2.5389344534898166		-1.76		9.63		2.72
2.57486277122788		-1.82		9.63		3.19
2.610791088965944		-2.38		10.28		1.60
2.646719406704007		-2.12		9.84		0.79
2.6826477244420706		-2.55		9.78		2.68
2.718576042180134		-1.83		9.95		1.44
2.7545043599181973		-1.37		9.66		2.63
2.790432677656261		-2.15		9.57		1.53
2.8263609953943245		-2.90		10.06		1.67
2.8622893131323877		-1.65		8.83		1.04
2.8982176308704513		-3.49		10.50		1.75
2.934145948608515		-3.49		8.78		0.17
2.970074266346578		-3.20		9.39		3.12
3.0060025840846416		-0.94		7.38		-1.76
3.041930901822705		-4.27		9.26		0.60
3.0778592195607684		-4.26		8.48		1.33
3.113787537298832		-2.69		9.20		2.18
3.1497158550368956		-5.35		8.15		2.90
3.1856441727749587		-3.63		10.42		4.02
3.2215724905130223		-4.98		8.85		3.09
3.257500808251086		-4.29		8.30		3.66
3.293429125989149		-1.37		8.99		2.64
3.3293574437272127		-4.62		8.56		2.78
3.365285761465276		-3.95		8.76		3.35
3.4012140792033394		-2.82		8.59		5.98
3.437142396941403		-1.83		6.63		9.18
3.473070714679466		-1.58		8.41		6.85
3.5089990324175298		-0.25		7.54		7.46
3.5449273501555933		-1.28		8.28		7.37
3.5808556678936565		-0.79		6.90		9.62
3.61678398563172		-0.88		5.51		12.31
3.6527123033697837		-0.44		3.03		0.79
3.688640621107847		-3.71		5.30		4.87
3.7245689388459104		-2.39		4.97		7.23
3.760497256583974		-3.71		4.44		9.84
3.796425574322037		-2.82		4.88		9.58
3.832353892060101		-5.06		4.69		6.21
3.8682822097981644		-7.73		7.11		4.99
3.9042105275362275		-6.10		4.25		9.01
3.940138845274291		-5.85		3.40		5.47
3.9760671630123547		-4.58		2.02		8.98
4.011995480750418		-4.49		1.35		9.81
4.0479237984884815		-4.55		1.48		8.45
4.083852116226545		-5.21		1.67		8.54
4.119780433964609		-5.34		2.11		7.92
4.155708751702671		-5.29		3.05		8.03
4.191637069440735		-5.31		3.11		7.47
4.227565387178799		-5.00		4.02		6.49
4.263493704916862		-6.40		5.51		6.53
4.299422022654926		-6.81		3.32		5.55
4.335350340392989		-6.34		2.86		6.80
4.371278658131052		-5.73		1.85		8.45
4.407206975869116		-5.49		2.48		9.86
4.443135293607179		-5.44		2.68		8.14
4.479063611345243		-5.83		2.24		7.72
4.5149919290833065		-6.01		2.17		7.42
4.55092024682137		-5.66		2.36		7.93
4.586848564559433		-5.69		2.43		7.91
4.622776882297496		-5.78		2.47		7.59
4.65870520003556		-5.72		2.43		7.66
4.694633517773624		-5.68		2.47		7.77
