		Ax		Ay		Az
0.03158688545227051		-2.68		9.39		-3.30
0.06252288818359375		-2.65		9.34		-3.27
0.09419465065002441		-2.60		9.36		-3.08
0.1250288486480713		-2.60		9.32		-3.12
0.15655899047851562		-2.63		9.44		-3.11
0.18753814697265625		-2.57		9.45		-3.11
0.20341157913208008		-2.63		9.34		-3.19
0.23462939262390137		-2.66		9.43		-3.18
0.26563119888305664		-2.53		9.52		-3.23
0.2973146438598633		-2.56		9.39		-3.02
0.3284575939178467		-2.61		9.33		-3.07
0.3750278949737549		-2.58		9.28		-3.17
0.39095115661621094		-2.64		9.29		-3.15
0.43752193450927734		-2.61		9.33		-3.23
0.5156638622283936		-2.62		9.40		-3.30
0.5469481945037842		-2.65		9.33		-3.37
0.5782010555267334		-2.63		9.35		-3.28
0.5937998294830322		-2.55		9.26		-3.17
0.6205883026123047		-2.52		9.33		-3.22
0.6518793106079102		-2.46		9.30		-3.23
0.683098554611206		-2.33		9.34		-3.26
0.7143516540527344		-2.27		9.15		-3.30
0.7456445693969727		-2.05		9.08		-3.38
0.7612316608428955		-1.42		9.06		-3.17
0.7925209999084473		-0.92		8.86		-2.71
0.8237721920013428		-0.62		8.69		-2.76
0.8549940586090088		-0.44		8.28		-2.87
0.8862419128417969		-0.20		8.23		-2.42
0.917534589767456		-0.02		7.67		-2.63
0.9487526416778564		0.57		7.26		-2.34
0.9800400733947754		0.14		7.02		-1.25
1.0113019943237305		0.82		6.90		-2.32
1.0425102710723877		0.60		7.44		-2.39
1.0737981796264648		0.41		7.17		-2.04
1.1050167083740234		0.68		6.95		-2.14
1.1362686157226562		0.85		7.75		-2.56
1.1675214767456055		1.33		8.48		-2.01
1.198824405670166		1.75		7.24		-1.40
1.2144036293029785		1.08		9.67		-2.03
1.261322259902954		1.59		10.12		-2.14
1.2925374507904053		2.05		9.48		-1.35
1.308161735534668		2.03		8.08		-1.03
1.3394150733947754		2.72		9.10		-1.27
1.3863322734832764		2.40		10.60		-1.50
1.4175481796264648		2.65		9.78		-0.79
1.464428186416626		3.14		10.59		-1.19
1.480057716369629		3.67		12.00		-0.97
1.52693510055542		3.27		11.28		-1.64
1.5738165378570557		2.95		10.98		-0.24
1.6162707805633545		2.69		11.23		-0.21
1.6475274562835693		2.89		12.42		-0.84
1.6788139343261719		2.80		10.99		1.52
1.7100703716278076		2.78		10.03		2.71
1.7413220405578613		2.24		10.20		3.14
1.7725765705108643		2.18		11.55		2.49
1.78816819190979		0.74		10.78		1.88
1.819455862045288		-0.63		10.52		2.32
1.8507089614868164		-0.10		7.30		-2.78
1.8819422721862793		2.05		12.65		3.42
1.897552251815796		6.82		14.90		0.12
1.9288411140441895		-1.03		9.18		-2.40
1.9600965976715088		-1.36		14.84		-2.76
1.9913506507873535		-0.57		16.98		3.15
2.022603750228882		0.79		14.26		-3.77
2.038193464279175		2.08		11.33		-5.08
2.069481372833252		0.35		9.54		0.06
2.1007349491119385		-1.78		11.23		-2.98
2.131991386413574		-0.78		10.19		-0.81
2.163241147994995		2.02		10.29		-2.86
2.19449520111084		0.13		10.49		-3.54
2.225747585296631		0.24		10.11		-2.61
2.2569639682769775		-0.08		10.41		-1.17
2.2882494926452637		0.88		8.54		-4.29
2.3194732666015625		-0.48		9.98		-3.41
2.3507602214813232		-0.70		9.42		-3.20
2.381991147994995		-0.09		9.95		-4.50
2.4132325649261475		-0.33		10.92		-2.15
2.4444899559020996		-1.61		10.24		-3.95
2.4757401943206787		-2.36		10.11		-3.24
2.506993532180786		-0.45		9.47		-5.98
2.538282632827759		0.88		10.60		-1.37
2.569538116455078		-2.44		9.50		-7.43
2.611358165740967		-1.80		8.77		-2.51
2.642613649368286		-2.07		6.94		-3.61
2.673866033554077		-5.49		9.18		-4.04
2.7051210403442383		-1.99		7.16		-4.12
2.736410140991211		-6.30		8.81		-6.08
2.7676262855529785		-5.71		8.41		-4.40
2.7988789081573486		-4.33		6.68		-5.09
2.8301727771759033		-6.18		7.04		0.93
2.8614227771759033		-7.57		7.35		-2.70
2.8926758766174316		-6.30		7.43		-6.25
2.9239308834075928		-6.58		6.61		-2.80
2.9551877975463867		-7.19		5.54		0.97
2.9864370822906494		-8.42		6.22		-4.61
3.0176899433135986		-7.72		6.00		-6.79
3.080203056335449		-7.92		5.15		4.42
3.0957865715026855		-11.59		6.12		11.35
3.12707781791687		-8.02		5.81		-0.77
3.1583330631256104		-9.03		2.55		-11.61
3.1895461082458496		-6.22		3.28		-1.32
3.205209493637085		-7.19		1.28		7.06
3.2364635467529297		-9.58		3.12		8.54
3.2676804065704346		-10.11		3.33		-0.57
3.314563035964966		-10.27		3.10		-4.54
3.330188035964966		-7.71		3.23		2.86
3.377100944519043		-8.91		3.28		3.83
3.408320665359497		-9.37		4.36		1.17
3.4396111965179443		-8.82		1.65		-0.62
3.470825672149658		-8.49		2.00		2.29
3.5177063941955566		-9.51		2.83		4.01
3.548996686935425		-11.00		1.07		3.24
3.5646536350250244		-10.02		0.09		3.30
3.605377435684204		-7.50		0.34		2.87
3.626129627227783		-8.51		0.83		6.22
3.657348871231079		-7.46		2.56		4.02
3.672980785369873		-9.76		2.08		5.24
3.7042641639709473		-10.56		3.36		4.92
3.7354815006256104		-9.83		1.58		4.66
3.7667346000671387		-8.13		1.32		4.90
3.798048973083496		-7.26		1.38		4.31
3.8292391300201416		-8.26		1.01		4.45
3.860529661178589		-8.94		1.69		4.41
3.876155376434326		-9.34		2.45		4.19
3.9230024814605713		-9.39		2.67		3.73
3.9386649131774902		-8.89		2.36		4.53
3.969882011413574		-8.35		2.07		5.22
4.016798973083496		-8.32		1.55		5.33
4.048018932342529		-8.44		1.63		5.00
4.07926607131958		-8.76		1.55		4.22
4.110634088516235		-9.03		1.49		3.75
4.1261467933654785		-9.11		1.47		3.41
4.15740180015564		-9.07		1.44		3.32
4.188689231872559		-9.09		1.46		3.40
4.219942808151245		-9.09		1.53		3.78
4.2512102127075195		-9.12		1.64		3.89
4.2824387550354		-9.05		1.61		3.88
4.3136677742004395		-8.96		1.66		4.00
4.3449201583862305		-9.00		1.71		3.94
4.391798496246338		-8.96		1.69		3.82
4.407427072525024		-9.12		1.52		3.70
4.4387171268463135		-9.12		1.46		3.73
4.469968795776367		-9.33		1.44		3.62
4.501187086105347		-9.09		1.43		3.51
