		Ax		Ay		Az
0.07776331901550293		-2.30		8.98		-3.84
0.0933845043182373		-2.29		9.06		-3.84
0.0933845043182373		-2.45		9.00		-3.67
0.12464070320129395		-2.42		9.15		-3.61
0.15589189529418945		-2.25		9.14		-3.55
0.1871476173400879		-2.23		9.23		-3.50
0.29686760902404785		-2.28		9.31		-3.42
0.31220054626464844		-2.29		9.19		-3.46
0.330674409866333		-2.33		8.94		-3.55
0.33667755126953125		-2.45		8.90		-3.54
0.33974695205688477		-2.45		9.09		-3.48
0.37103915214538574		-2.47		9.30		-3.51
0.4022941589355469		-2.38		9.47		-3.37
0.46480321884155273		-2.39		9.57		-3.30
0.4960155487060547		-2.28		9.64		-3.14
0.52730393409729		-2.25		9.75		-3.15
0.5428929328918457		-2.40		9.50		-3.11
0.5741581916809082		-1.94		9.40		-3.12
0.6054010391235352		-1.50		8.86		-2.83
0.636652946472168		-0.82		8.89		-2.31
0.6679062843322754		-0.47		8.26		-2.84
0.6991596221923828		-0.41		8.46		-3.25
0.7304501533508301		0.00		8.67		-3.24
0.7616686820983887		-0.14		8.84		-3.33
0.7929224967956543		-0.26		8.06		-3.47
0.8241839408874512		-0.07		7.22		-2.12
0.8554677963256836		-0.05		6.80		-1.23
0.9023077487945557		0.29		6.49		-1.32
0.9335594177246094		0.02		7.38		-2.24
0.9648292064666748		0.11		9.54		-3.44
0.9960658550262451		0.29		8.23		-2.86
1.011692762374878		-0.08		7.86		-2.89
1.0429468154907227		-0.38		8.87		-3.30
1.089827299118042		0.51		8.59		-2.65
1.1210803985595703		-0.29		8.63		-1.57
1.1523864269256592		-0.20		9.53		-2.16
1.1835858821868896		1.31		9.55		-1.69
1.2148418426513672		1.28		8.27		-1.15
1.2304682731628418		1.57		8.84		-2.48
1.2617194652557373		2.33		8.86		-2.57
1.293020486831665		2.96		9.99		-1.32
1.3296635150909424		2.13		10.84		-0.32
1.3504178524017334		2.13		11.29		0.77
1.381676435470581		2.66		9.98		0.81
1.4128940105438232		2.78		10.73		0.34
1.4597904682159424		2.96		9.49		-0.64
1.5066571235656738		2.19		9.54		-1.49
1.5535333156585693		3.16		11.46		-2.05
1.5847878456115723		2.52		10.18		0.69
1.6160402297973633		0.84		9.43		1.40
1.647296667098999		1.24		13.66		0.78
1.67854905128479		0.48		7.65		-2.74
1.6941778659820557		1.30		10.62		-1.05
1.7254273891448975		1.11		12.19		3.29
1.756718397140503		1.11		7.93		-4.10
1.7879745960235596		8.36		16.99		-1.94
1.8035643100738525		-2.14		11.38		-0.10
1.8348517417907715		1.52		20.08		9.93
1.866072177886963		0.25		18.81		-15.23
1.897322654724121		4.55		10.60		-1.24
1.9129879474639893		0.40		10.91		-0.38
1.959827184677124		0.01		9.39		-2.99
1.975459098815918		-1.53		9.08		-1.06
2.0067479610443115		-3.21		12.16		-1.27
2.053586483001709		1.87		10.12		-3.09
2.0848424434661865		-2.71		9.34		-3.24
2.116095542907715		0.25		11.00		-1.87
2.1317214965820312		-0.28		9.22		-4.41
2.1785998344421387		-1.45		9.29		-1.44
2.2098612785339355		-2.96		11.96		-2.40
2.2411062717437744		0.39		8.84		-2.47
2.2567338943481445		-2.15		7.78		-5.54
2.3036131858825684		-4.86		11.32		-3.75
2.33034086227417		0.70		11.10		-2.64
2.3772222995758057		-0.23		8.23		-12.14
2.392896890640259		-0.42		5.91		3.91
2.4241418838500977		-9.47		10.67		-3.80
2.455389976501465		0.38		9.68		-6.50
2.486668109893799		-3.65		8.73		-4.16
2.5179009437561035		-8.58		7.95		-2.99
2.549149751663208		-8.43		7.01		-2.07
2.5804033279418945		-4.53		4.92		-1.20
2.6116204261779785		-4.27		8.40		-2.43
2.642918586730957		-6.42		8.82		-5.18
2.674126625061035		-5.96		6.98		-7.95
2.705416679382324		-8.32		3.32		-6.21
2.7366695404052734		-8.57		4.95		3.11
2.7679286003112793		-8.43		2.78		-0.69
2.8148033618927		-9.02		3.49		-1.34
2.8460214138031006		-7.17		3.94		-0.98
2.8772823810577393		-7.70		4.20		0.04
2.892972707748413		-9.46		2.75		2.45
2.924189805984497		-7.79		4.63		1.28
2.9554426670074463		-7.79		3.76		1.01
2.98669695854187		-8.39		3.67		1.15
3.017949342727661		-9.92		3.41		1.74
3.049203395843506		-9.01		3.71		-1.26
3.0804197788238525		-10.62		1.75		-2.05
3.1116745471954346		-10.74		2.85		1.83
3.1429288387298584		-9.13		3.00		2.61
3.1741795539855957		-8.38		2.09		1.39
3.205470323562622		-9.74		1.30		2.00
3.2367279529571533		-9.32		2.11		4.00
3.267939567565918		-8.86		2.05		3.22
3.299194574356079		-10.66		0.90		1.91
3.3254177570343018		-10.73		-0.31		0.75
3.3567090034484863		-10.44		0.33		0.88
3.4035537242889404		-10.26		0.38		2.40
3.4660935401916504		-8.38		1.86		4.55
3.4973111152648926		-8.23		0.08		4.05
3.5285658836364746		-9.75		0.40		4.59
3.5441908836364746		-8.75		0.93		3.99
3.5754964351654053		-8.32		2.53		5.20
3.6067354679107666		-8.65		1.62		4.76
3.6379899978637695		-8.97		0.18		3.65
3.653578996658325		-9.18		1.40		3.27
3.6848695278167725		-9.58		1.62		3.70
3.7161216735839844		-9.64		1.92		4.16
3.7473411560058594		-9.68		1.65		4.33
3.7629666328430176		-9.34		1.56		4.67
3.7942557334899902		-9.22		1.13		3.91
3.825472116470337		-8.96		0.79		3.55
3.8567657470703125		-9.06		0.98		3.36
3.8880202770233154		-9.35		0.70		3.00
3.9192330837249756		-9.53		0.56		2.58
3.950486421585083		-9.65		1.06		2.27
3.966111183166504		-9.40		1.10		2.96
4.012991189956665		-9.21		0.95		3.31
4.044249773025513		-9.22		1.01		3.25
4.059870958328247		-9.43		0.97		3.36
4.091125726699829		-9.39		1.18		3.25
4.138005971908569		-9.46		1.07		3.13
4.153630971908569		-9.29		1.23		3.28
4.184886455535889		-9.31		1.27		3.39
4.216175079345703		-9.24		0.93		3.21
4.2473907470703125		-9.52		0.53		3.09
4.278685092926025		-9.36		1.16		3.24
4.309897422790527		-9.16		1.25		3.43
4.336161375045776		-8.80		1.51		3.80
4.367416143417358		-8.87		1.75		4.27
4.398705244064331		-8.81		1.83		4.85
4.4299232959747314		-7.98		2.26		5.72
