		Ax		Ay		Az
0.031198740005493164		-2.31		9.22		-3.68
0.04683065414428711		-2.30		9.21		-3.61
0.06284666061401367		-2.34		9.19		-3.71
0.09418177604675293		-2.38		9.27		-3.67
0.21906518936157227		-2.35		9.29		-3.65
0.23435544967651367		-2.39		9.23		-3.75
0.24997353553771973		-2.37		9.29		-3.80
0.24997353553771973		-2.25		9.34		-3.75
0.26560401916503906		-2.32		9.22		-3.66
0.2815568447113037		-2.27		9.21		-3.70
0.312824010848999		-2.18		9.24		-3.70
0.3437314033508301		-2.14		9.25		-3.70
0.37528109550476074		-2.05		9.27		-3.67
0.43749046325683594		-1.99		9.42		-3.76
0.4687459468841553		-1.70		9.10		-3.87
0.4999973773956299		-1.32		8.58		-3.70
0.5312862396240234		-0.84		8.37		-2.71
0.5625057220458984		-0.52		9.29		-2.61
0.5937919616699219		-0.82		9.22		-3.68
0.6250100135803223		-0.59		8.72		-3.82
0.6562626361846924		-0.39		7.79		-3.68
0.6875181198120117		-0.52		7.45		-3.09
0.7187693119049072		-0.20		7.23		-3.10
0.7500317096710205		0.32		6.83		-2.25
0.7812950611114502		0.77		6.92		-1.89
0.8125317096710205		0.42		6.91		-1.68
0.8438212871551514		0.49		7.26		-2.23
0.8751006126403809		0.17		8.48		-2.22
0.9219152927398682		0.85		8.82		-2.76
0.937544584274292		0.33		8.18		-2.49
0.9794442653656006		0.37		8.53		-1.55
1.0106570720672607		1.30		8.43		-1.55
1.0419425964355469		1.12		8.04		-0.65
1.0575308799743652		2.07		9.64		-0.14
1.088822364807129		2.08		9.48		-0.09
1.1200776100158691		1.74		8.39		0.25
1.151292324066162		2.19		9.41		1.03
1.182549238204956		2.57		10.53		-0.77
1.213799238204956		2.17		9.48		-0.23
1.2294671535491943		3.67		9.75		1.76
1.2606804370880127		3.70		11.15		1.89
1.2919707298278809		2.07		10.14		0.85
1.3232238292694092		2.83		11.23		2.49
1.3544375896453857		2.40		11.55		0.57
1.3856923580169678		0.34		11.31		1.11
1.4169528484344482		0.73		12.03		-1.24
1.448197603225708		-0.02		11.57		2.05
1.4951202869415283		1.06		12.58		5.47
1.541959524154663		2.31		9.94		1.78
1.5888404846191406		2.37		8.55		-6.52
1.6200928688049316		3.19		12.53		3.53
1.666987419128418		2.09		12.88		-1.90
1.682598352432251		-0.87		11.96		1.01
1.7138535976409912		-0.78		14.42		2.75
1.7451424598693848		-0.25		16.17		2.90
1.7763969898223877		3.15		15.28		-9.99
1.7919840812683105		3.15		10.21		0.48
1.8232753276824951		-2.68		10.17		-0.69
1.8544905185699463		0.37		10.62		-3.24
1.8857450485229492		-2.57		8.46		-0.18
1.90140700340271		-1.84		10.88		-1.87
1.932624340057373		2.56		9.77		-4.01
1.9591643810272217		-2.90		9.91		-0.35
1.990457534790039		-3.11		9.94		-0.41
2.021671772003174		-0.84		10.54		-4.81
2.0372979640960693		0.30		10.42		-3.06
2.0685901641845703		0.19		9.35		-5.45
2.0998055934906006		1.47		10.63		-3.52
2.1310596466064453		0.86		10.10		-4.65
2.177983522415161		-1.42		9.64		-2.95
2.224855899810791		-2.39		10.09		-2.52
2.2561123371124268		-3.30		10.17		-5.94
2.271697759628296		-0.33		6.56		-0.30
2.302992343902588		-8.25		8.23		-6.79
2.3342056274414062		-3.43		9.48		-1.39
2.3655049800872803		-1.20		7.44		-5.85
2.3967552185058594		-8.57		7.81		-2.68
2.428006887435913		-8.73		7.61		1.48
2.4592573642730713		-5.37		7.68		1.12
2.4904708862304688		-6.33		7.78		-6.04
2.521763801574707		-7.09		7.13		-2.53
2.5529773235321045		-6.97		5.08		0.48
2.584230899810791		-8.51		6.94		-2.02
2.615525722503662		-7.50		6.53		-3.45
2.6467835903167725		-7.99		5.47		-1.39
2.6779918670654297		-9.63		5.36		0.19
2.6936604976654053		-9.42		5.34		-1.28
2.7248711585998535		-8.57		4.83		-2.33
2.7717514038085938		-8.12		5.13		-0.65
2.8030447959899902		-8.47		4.21		-0.28
2.8342952728271484		-9.15		4.22		-1.62
2.865510940551758		-7.96		5.00		0.83
2.896803140640259		-8.60		3.15		1.55
2.92801833152771		-8.45		4.86		0.52
2.954355239868164		-7.70		3.70		0.96
2.9856112003326416		-7.35		2.77		2.18
3.0168802738189697		-7.78		2.69		2.25
3.0481162071228027		-9.40		2.79		3.82
3.0794074535369873		-9.11		2.01		3.40
3.1106393337249756		-9.11		1.32		4.54
3.1419246196746826		-10.10		0.91		4.40
3.1731314659118652		-10.58		0.49		7.36
3.1887567043304443		-9.12		1.81		5.22
3.235640525817871		-6.77		2.26		2.90
3.2512621879577637		-7.48		2.94		3.79
3.298208236694336		-9.12		1.96		5.90
3.313770055770874		-9.76		2.71		7.96
3.360652446746826		-9.32		1.66		5.46
3.376276969909668		-8.87		1.93		2.64
3.407543182373047		-8.51		2.42		3.52
3.438784599304199		-7.95		2.21		5.01
3.485663890838623		-8.35		1.59		4.67
3.5013298988342285		-9.04		1.25		3.45
3.5481784343719482		-9.31		1.35		3.74
3.5951225757598877		-9.30		1.44		4.13
3.6263418197631836		-9.03		1.80		3.94
3.6575944423675537		-8.84		2.00		4.08
3.673182249069214		-8.66		2.21		4.21
3.704437494277954		-8.86		1.97		4.29
3.7357258796691895		-8.97		1.74		4.09
3.766941785812378		-9.08		1.54		3.93
3.782569646835327		-9.18		1.54		3.80
3.8138537406921387		-9.09		1.70		3.54
3.8451128005981445		-8.98		1.72		3.46
3.8763644695281982		-9.13		1.50		3.50
3.9076194763183594		-9.19		1.48		3.64
3.9388344287872314		-9.24		1.41		3.41
3.965057611465454		-9.30		1.34		3.44
3.9963507652282715		-9.26		1.44		3.40
4.043234586715698		-9.21		1.49		3.31
4.074484586715698		-9.18		1.53		3.43
4.105699062347412		-9.23		1.51		3.39
4.136950969696045		-9.20		1.54		3.49
