		Ax		Ay		Az
0.015365123748779297		-2.04		9.31		-4.10
0.031199932098388672		-2.08		9.25		-3.97
0.06219172477722168		-1.99		9.27		-3.75
0.09349250793457031		-1.94		9.28		-3.80
0.12505340576171875		-1.95		9.28		-3.73
0.1563892364501953		-2.00		9.27		-3.76
0.18721246719360352		-1.97		9.39		-3.79
0.23409438133239746		-1.96		9.30		-3.89
0.26538515090942383		-2.01		9.28		-3.79
0.2810080051422119		-1.92		9.37		-3.74
0.31221747398376465		-1.91		9.40		-3.68
0.3278470039367676		-1.92		9.37		-3.77
0.3593437671661377		-1.92		9.25		-3.75
0.39069557189941406		-1.86		9.28		-3.85
0.4528961181640625		-1.76		9.27		-3.81
0.4841477870941162		-1.68		9.19		-3.88
0.5153627395629883		-1.65		9.13		-3.90
0.546616792678833		-1.39		8.80		-3.80
0.5778701305389404		-0.66		8.66		-3.68
0.6091599464416504		-0.28		8.60		-3.48
0.6404244899749756		-0.23		8.36		-3.10
0.6872923374176025		0.07		8.13		-3.14
0.7185475826263428		0.26		7.94		-3.10
0.7498006820678711		0.47		7.05		-2.80
0.7810173034667969		0.94		6.26		-2.15
0.8123946189880371		0.82		5.70		-1.63
0.827916145324707		0.39		6.20		-1.67
0.8591506481170654		0.41		7.83		-2.72
0.8904051780700684		0.13		7.99		-3.18
0.9217326641082764		0.41		7.67		-3.03
0.9593420028686523		1.04		7.92		-2.69
0.9947538375854492		0.69		8.13		-3.14
1.0103929042816162		1.15		8.43		-2.79
1.0416569709777832		2.01		8.45		-2.11
1.0729036331176758		1.99		9.80		-3.39
1.1041326522827148		2.34		10.37		-3.49
1.1197590827941895		2.42		8.93		-1.32
1.1510133743286133		2.27		7.74		-0.38
1.1978907585144043		2.84		11.17		-2.38
1.22914457321167		3.28		11.39		-1.15
1.260399580001831		3.35		11.02		0.20
1.2916908264160156		3.02		11.60		-1.44
1.3072779178619385		4.22		12.80		-1.19
1.3541944026947021		4.95		11.45		-0.48
1.3854124546051025		5.22		10.91		-0.23
1.4166638851165771		4.36		13.13		0.41
1.4479186534881592		3.51		10.71		0.92
1.4791724681854248		3.30		9.70		0.96
1.5416772365570068		2.93		10.59		-0.14
1.5729403495788574		1.40		10.76		0.22
1.6042215824127197		1.69		9.54		0.50
1.6354389190673828		0.32		9.45		-1.72
1.6666929721832275		-1.68		8.09		-4.66
1.697944164276123		-1.11		8.54		-4.04
1.7135708332061768		2.04		12.79		4.18
1.7448265552520752		9.25		13.75		-2.80
1.7761175632476807		5.54		11.15		-2.06
1.807332992553711		-0.33		14.34		1.58
1.8385841846466064		1.64		14.68		2.40
1.8542468547821045		1.61		16.82		-7.09
1.8855006694793701		3.28		8.95		-1.81
1.9167168140411377		-1.55		11.85		-2.25
1.9479782581329346		0.62		8.81		-1.49
1.9908173084259033		-1.44		11.71		-2.25
2.0220706462860107		1.87		10.22		-2.78
2.0376973152160645		0.24		8.67		-0.81
2.068950653076172		-1.86		9.51		-1.53
2.1002037525177		0.94		10.01		-3.97
2.131493091583252		1.60		10.61		-0.67
2.162712335586548		0.70		9.47		-4.89
2.2095906734466553		-1.22		10.23		2.45
2.2408864498138428		-2.56		10.22		-4.92
2.2564797401428223		-1.26		9.79		-2.83
2.2877237796783447		-2.09		10.88		0.54
2.3190135955810547		-1.37		8.92		-7.45
2.350231170654297		2.97		9.10		-6.17
2.3815207481384277		-3.07		12.51		-5.78
2.4127378463745117		-2.21		10.58		-3.39
2.4439897537231445		1.60		7.29		-0.95
2.47524356842041		-6.72		9.33		-6.14
2.5064969062805176		-5.63		8.79		-3.17
2.537750482559204		-3.03		8.67		-1.86
2.5690035820007324		-4.25		9.00		-1.22
2.600295305252075		-5.14		8.64		-4.90
2.63154673576355		-5.97		7.19		-9.03
2.6628150939941406		-6.42		5.70		-2.11
2.6940157413482666		-7.35		6.49		-0.41
2.7252700328826904		-7.40		6.16		-3.58
2.756523370742798		-8.20		5.07		-3.91
2.787776231765747		-9.17		5.68		0.79
2.8346569538116455		-8.87		4.78		-0.03
2.8659098148345947		-8.82		4.24		-2.75
2.897197961807251		-9.18		4.03		-0.73
2.928417921066284		-8.87		3.89		2.87
2.9440436363220215		-7.64		3.79		1.29
2.9869048595428467		-7.22		1.58		-4.18
3.002533197402954		-6.59		1.44		2.00
3.0337870121002197		-8.24		0.17		7.68
3.0650761127471924		-9.84		1.10		8.12
3.096294403076172		-14.65		0.77		-5.89
3.127559185028076		-11.71		0.24		-1.04
3.158802032470703		-7.04		1.38		4.68
3.1900529861450195		-7.24		0.72		4.31
3.2213220596313477		-9.24		2.26		5.04
3.2525975704193115		-10.34		1.43		-0.80
3.299478769302368		-10.30		1.42		-1.34
3.3306920528411865		-7.18		1.95		3.39
3.361989736557007		-10.70		-0.37		7.24
3.3776345252990723		-9.68		0.65		3.74
3.408827543258667		-9.05		1.18		2.88
3.487002372741699		-9.40		2.02		3.07
3.5182125568389893		-10.48		0.74		3.33
3.549466133117676		-9.90		1.20		3.54
3.580754280090332		-9.59		1.26		3.52
3.6120078563690186		-9.31		1.07		2.44
3.627600908279419		-9.42		0.21		1.54
3.658853530883789		-9.67		0.34		1.57
3.69010591506958		-9.97		0.45		1.52
3.705732822418213		-10.17		0.54		1.40
3.7369861602783203		-9.91		0.63		1.40
3.7682392597198486		-9.57		0.60		1.73
3.7995269298553467		-9.55		0.38		1.88
3.8151333332061768		-9.78		0.44		1.73
3.846372365951538		-10.03		0.46		1.51
3.87762713432312		-9.97		0.43		1.38
3.908879041671753		-9.86		0.26		1.28
3.9401323795318604		-9.82		0.33		1.46
3.9666388034820557		-9.91		0.38		1.43
3.9978957176208496		-9.84		0.50		1.62
4.029182195663452		-9.83		0.55		1.65
4.060441732406616		-9.82		0.55		1.54
4.091689825057983		-9.89		0.36		1.61
4.122907876968384		-9.86		0.41		1.61
4.154160976409912		-9.18		0.38		1.24
4.185453176498413		-9.88		0.64		1.79
4.216670513153076		-10.04		0.59		2.20
4.247955083847046		-10.21		0.39		2.17
4.279208660125732		-10.18		0.16		1.16
