Time		Ax		Ay		Az
0.06274867057800293		-2.46		9.56		-3.18
0.07816314697265625		-2.38		9.62		-3.27
0.09375643730163574		-2.24		9.64		-3.24
0.125014066696167		-2.17		9.52		-3.09
0.15629148483276367		-2.14		9.52		-3.04
0.1875441074371338		-2.04		9.52		-3.18
0.21879816055297852		-2.05		9.40		-3.23
0.250028133392334		-2.03		9.41		-3.25
0.28130531311035156		-1.98		9.42		-3.26
0.3125569820404053		-1.95		9.42		-3.29
0.3437845706939697		-2.00		9.22		-3.31
0.3750743865966797		-1.96		9.35		-3.17
0.4063270092010498		-1.88		9.40		-3.14
0.4375729560852051		-1.93		9.22		-3.06
0.48446011543273926		-1.93		9.42		-3.13
0.515709400177002		-1.90		9.44		-3.22
0.5469281673431396		-1.82		9.19		-3.10
0.578181266784668		-1.54		9.15		-3.04
0.6094343662261963		-1.74		9.11		-3.06
0.6406881809234619		-1.66		9.61		-3.31
0.6719784736633301		-1.19		9.24		-3.13
0.7032291889190674		-0.77		9.14		-2.76
0.7345716953277588		-0.85		9.16		-2.93
0.7657411098480225		-0.63		9.02		-3.55
0.7969551086425781		0.09		8.89		-3.59
0.8282077312469482		0.02		8.72		-4.01
0.8594982624053955		-0.41		8.87		-4.02
0.8907153606414795		-0.02		8.95		-4.17
0.9219677448272705		-0.07		9.32		-3.29
0.9688472747802734		-0.23		9.57		-2.67
1.0001018047332764		-0.01		9.54		-2.57
1.0313544273376465		-0.17		10.08		-1.87
1.0469813346862793		-0.26		10.54		-1.67
1.0782356262207031		-0.93		9.71		-2.66
1.1095256805419922		-0.39		10.11		-1.56
1.1563682556152344		-0.17		9.79		-1.40
1.1876208782196045		-0.15		9.81		-2.38
1.218874216079712		-0.27		10.11		-1.75
1.2501616477966309		-0.15		10.42		-1.08
1.281409740447998		0.21		10.40		-2.25
1.312633991241455		-0.53		10.17		-3.00
1.3438873291015625		-0.80		9.82		-2.99
1.3751733303070068		0.14		9.79		-3.27
1.4064254760742188		0.12		12.27		-4.58
1.4376845359802246		-0.22		9.71		-2.89
1.4688985347747803		-0.11		9.77		-1.70
1.5314054489135742		0.06		9.22		-2.56
1.5939126014709473		-1.39		9.63		-1.68
1.6251685619354248		-1.37		9.90		-1.17
1.640791893005371		-0.46		10.71		-1.35
1.6720495223999023		-2.99		11.78		-1.12
1.7033007144927979		-1.64		11.39		-0.66
1.7345530986785889		-2.52		10.13		-2.24
1.7658054828643799		-1.74		9.65		-1.20
1.7970974445343018		-2.53		9.63		-1.42
1.8126871585845947		-1.63		9.87		-0.17
1.8439745903015137		-2.49		9.68		-1.39
1.8751935958862305		-2.83		9.94		-0.89
1.9064815044403076		-2.38		10.25		-0.83
1.9377374649047852		-2.56		9.41		-0.92
1.953369140625		-2.46		9.80		-0.63
1.9845805168151855		-2.44		10.37		-1.41
2.0158321857452393		-2.53		9.31		0.95
2.0471248626708984		-3.11		9.71		-0.44
2.0783398151397705		-2.64		10.16		-1.92
2.109593391418457		-2.68		9.70		0.92
2.1408467292785645		-2.69		9.92		-1.96
2.1721365451812744		-2.46		10.31		0.35
2.1877267360687256		-1.69		8.89		-0.13
2.2346067428588867		-3.22		10.26		-0.63
2.250272750854492		-3.10		9.74		-3.75
2.297114133834839		-2.91		9.05		0.15
2.328366994857788		-3.30		9.55		2.77
2.3596580028533936		-4.67		8.99		-3.46
2.3908727169036865		-2.63		9.67		1.83
2.4377899169921875		-6.69		9.74		0.20
2.469041109085083		-2.72		8.55		-0.77
2.5003130435943604		-2.91		9.03		1.35
2.5158867835998535		-5.04		7.56		-3.52
2.5471410751342773		-2.07		8.85		2.06
2.5783936977386475		-4.07		8.01		1.04
2.6096463203430176		-4.71		9.84		0.39
2.6409337520599365		-3.89		10.58		0.23
2.6877806186676025		-4.78		10.06		0.63
2.7190675735473633		-5.17		9.59		-0.70
2.7502951622009277		-3.51		9.00		1.97
2.781538963317871		-5.15		7.63		3.10
2.8127939701080322		-6.02		7.57		1.91
2.82845401763916		-4.22		6.72		1.10
2.859673500061035		-5.72		6.55		0.54
2.890960693359375		-6.78		7.32		3.21
2.9222161769866943		-5.41		7.95		3.82
2.9690988063812256		-5.99		8.18		1.90
3.000377655029297		-6.66		7.88		0.89
3.031601905822754		-6.66		6.40		3.62
3.062819004058838		-7.29		5.83		4.91
3.0940725803375244		-6.89		6.33		3.70
3.1253628730773926		-6.50		6.84		3.02
3.1409521102905273		-6.80		6.39		3.21
3.172205924987793		-6.89		6.38		4.96
3.20349383354187		-7.53		4.73		3.76
3.234726667404175		-5.19		6.42		5.04
3.2503433227539062		-4.69		5.61		5.87
3.281592607498169		-7.11		4.88		6.17
3.3128457069396973		-6.72		3.97		6.63
3.3441336154937744		-5.79		5.53		7.31
3.375352621078491		-4.59		5.80		7.09
3.4066436290740967		-4.01		5.32		6.81
3.4378950595855713		-5.31		7.90		6.55
3.469146728515625		-5.20		8.86		4.28
3.5004160404205322		-6.20		7.53		1.82
3.531618595123291		-8.36		5.18		2.07
3.5628724098205566		-8.05		3.96		4.03
3.5941250324249268		-8.02		3.99		4.57
3.6097888946533203		-7.09		4.55		5.13
3.6410059928894043		-6.22		5.94		5.85
3.6722588539123535		-5.66		6.47		6.01
3.7191686630249023		-5.71		6.49		6.25
3.7503912448883057		-5.76		6.22		5.33
3.7816436290740967		-6.06		6.02		5.20
3.8128981590270996		-5.96		5.75		5.01
3.8285653591156006		-5.91		5.90		5.47
3.8598196506500244		-6.11		5.70		5.65
3.891031503677368		-6.24		5.53		5.53
3.922285318374634		-6.25		5.84		5.67
3.9535727500915527		-6.22		6.12		5.52
3.9847917556762695		-6.21		5.70		4.97
4.0160722732543945		-6.38		5.62		5.25
4.047298431396484		-6.37		5.80		5.21
4.078551769256592		-6.48		6.11		4.97
4.109842777252197		-6.39		5.92		4.86
4.141092777252197		-6.12		5.84		5.04
